#Order is: mean hue, hue std, mean saturation, saturation std, mean value, value std
41.590600 7.910132 193.016100 55.762559 151.120900 16.050442
43.370400 3.372003 202.081100 37.606110 151.032900 18.439979
40.977800 5.378169 210.926000 30.852188 144.191300 25.394750
40.855400 5.396507 199.697800 38.610626 151.053200 20.281528
39.355900 4.583736 219.998200 25.213675 141.669800 22.667668
42.513000 5.386690 207.775800 49.706586 150.830200 18.533240
42.321400 4.412720 211.236100 37.520463 144.810000 18.319047
43.955000 4.215658 205.989900 50.384400 137.195400 16.599205
41.338600 4.757305 212.646100 33.918937 136.255500 20.568637
