#Order is: mean hue, hue std, mean saturation, saturation std, mean value, value std
22.651600 9.760544 135.564700 55.105815 112.982800 39.660672
22.968700 13.313163 138.539400 67.811996 117.230700 39.074207
23.649500 7.255443 156.033300 53.784689 88.367700 38.731071
23.541000 5.787359 141.445000 50.135809 99.618100 32.800205
22.493400 12.738004 156.328400 62.882267 93.283500 40.264050
23.884400 10.456789 139.272700 61.766868 111.991500 41.221284
23.499700 11.326482 118.321700 59.871670 115.281700 41.763265
23.045900 6.022374 105.962500 59.957361 127.409500 32.630802
24.327200 14.661840 153.070300 70.351054 105.197700 40.643280
20.976700 7.650108 156.540800 36.097653 111.323200 37.088865
24.473800 6.614780 121.884000 57.954497 108.763000 40.296951
20.952800 5.222219 171.476000 28.535592 126.424600 35.327600
23.131900 13.061926 156.379500 63.786041 124.318200 38.224413
23.886700 5.875105 130.378600 52.405092 128.677800 34.943383
24.853300 6.889106 86.183700 48.023346 137.869200 30.659359
23.018200 12.118584 155.354400 67.761542 120.122200 37.300990
22.740500 11.230519 144.456600 53.517073 115.202500 38.780218
24.045900 6.138990 91.757800 57.899594 113.963700 32.574981
22.519300 5.958811 136.612400 46.795296 101.462300 32.984081
24.050700 16.970048 138.878400 60.168462 88.457000 42.040670
22.913200 12.639354 129.526100 48.983221 103.833700 36.951699
21.221000 7.159480 167.081000 35.059664 113.226200 36.647066
24.130900 6.062950 122.440300 54.612023 112.684400 37.013851
22.908100 10.230819 149.952400 57.673565 120.090900 39.530095
22.624900 6.945416 133.795300 47.329824 134.897000 31.656096
20.631000 5.533682 167.952000 29.476657 125.808900 36.300997
23.468900 12.663326 153.891400 65.259248 123.444900 40.456791
23.877800 6.044772 128.356200 52.713053 127.394700 36.796409
26.787800 12.172994 85.858500 51.697304 135.902500 33.647972
22.765300 13.063507 153.452100 68.618335 118.099400 39.365156
22.611300 11.150498 143.615500 55.838226 115.977700 39.333792
23.587700 15.027944 140.540200 51.099096 107.025800 41.016664
22.718700 6.231225 140.798800 52.407127 113.836300 33.285884
23.162100 13.740940 143.345400 56.462856 122.028000 40.481013
22.053000 6.313224 132.356800 46.106358 129.471700 34.750145
24.099300 17.293948 110.479000 50.402646 126.602900 44.096043
24.764500 17.843622 116.951300 51.601753 118.105200 45.962482
22.023200 14.194825 152.118800 61.499833 100.518500 39.363192
22.138700 5.806760 123.076600 66.048863 84.549400 37.151487
19.374800 5.071758 160.052900 36.775306 81.646200 36.326968
23.693900 21.043517 136.084300 69.538653 78.965100 38.825889
20.620200 5.588377 108.460600 47.645911 86.694000 34.512270
24.019400 20.796678 129.436400 70.785522 84.116000 38.223782
22.038800 17.200317 137.302100 62.409512 90.668900 40.264541
28.544400 24.828392 103.959800 59.965622 93.878600 34.641225
22.564000 5.699167 123.383900 61.663150 85.094800 35.908935
19.941200 4.997654 167.570200 36.815900 81.522600 36.520505
22.660900 16.763481 139.290200 61.981800 82.312500 37.154239
20.917000 5.395861 114.368800 46.271356 87.815300 32.971269
23.677000 17.894990 137.569500 66.847218 83.527300 37.162070
21.229000 18.015814 91.658600 48.966285 83.509000 37.337136
20.537000 6.605167 66.426400 61.885195 103.547400 31.439404
25.380900 22.012420 107.774300 53.245961 92.997300 35.969463
21.987500 5.556181 128.538600 58.821966 127.480700 29.280298
21.068200 15.109128 127.475600 59.895163 95.468000 37.755463
19.875400 5.692581 97.034400 63.508351 108.683000 33.308940
23.849200 21.558141 120.428000 55.312746 95.366100 37.547496
20.689600 11.570482 87.996900 45.415355 83.674000 35.858027
25.582100 28.806934 140.372500 74.631979 83.071500 39.536649
19.956800 5.951532 95.207400 62.929640 105.656200 32.429955
24.304200 21.242986 122.851300 54.808167 95.329300 36.987961
24.608300 27.675828 139.232000 73.006023 95.287500 38.735000
27.437400 30.116651 115.242300 62.816423 86.802700 39.990036
19.679200 6.497129 96.631400 60.169340 97.550600 33.746491
18.580400 8.095662 144.363200 39.481516 91.308600 36.427248
21.422500 6.911946 110.482000 59.129399 96.907200 38.239906
19.619300 8.704445 120.525500 51.752416 95.034300 36.817017
20.759800 15.501236 136.401500 61.644666 92.597100 39.167453
19.699300 6.016168 72.066000 54.744355 110.045500 32.406855
21.773400 17.766616 114.553800 59.378249 83.834100 38.587568
27.974000 23.237296 125.405300 59.206309 112.593500 41.028076
24.717000 17.263682 139.584300 67.337188 122.534500 39.292658
19.891400 7.176824 95.596900 55.478536 80.984200 36.925706
25.539600 27.355523 143.331300 69.903659 86.469900 41.537382
33.506700 33.826785 77.284100 63.057247 91.883200 41.046797
22.183600 11.672818 60.304600 59.618361 99.650000 33.325958
20.873700 15.637300 106.025000 41.254396 91.496100 36.752072
24.413700 10.180548 74.063600 55.708153 97.550100 38.514881
21.146000 10.732497 86.121700 48.922245 95.020000 36.683359
23.127400 19.495024 98.792900 60.541625 91.624200 39.650561
22.706300 9.821621 42.315700 50.823385 109.986000 33.245809
25.474500 22.027200 73.470600 56.101007 84.640600 38.110309
22.122400 12.085794 76.545800 52.460815 94.957600 35.348332
26.351500 27.761047 118.534700 66.408453 98.752900 40.851647
23.907000 26.362859 171.525500 66.396409 98.772100 45.047572
17.462200 4.633117 123.093000 59.006464 116.969000 33.213170
19.800500 19.341275 148.568600 55.385607 98.393100 42.572392
21.573700 21.944110 181.156200 39.972310 105.488000 38.700729
19.136200 8.564628 151.634800 55.318391 106.084500 40.250552
18.075000 9.723609 124.933600 50.983835 111.801000 35.945378
21.926300 24.439007 128.392300 49.998576 92.109800 38.110029
16.745900 4.538847 139.372500 55.487784 95.960100 37.029765
24.564300 6.301053 92.425600 54.801145 120.484900 30.791690
22.851800 7.781108 136.367700 47.117989 110.011200 32.697539
23.251100 12.545878 143.784500 58.653012 96.532400 41.972986
22.389900 6.366732 133.248700 45.564173 107.017400 36.280655
21.248600 5.695612 164.781600 33.841384 120.628100 34.978608
24.818600 6.424865 124.064900 53.920251 120.805400 36.841706
22.937700 24.784019 168.811900 66.394183 98.181600 43.711816
17.336900 4.705465 120.570800 55.239591 116.090200 32.617239
19.062800 18.395631 148.822300 57.733575 99.469800 41.908279
19.531900 17.819057 180.695700 39.489567 104.937100 38.186060
19.144600 12.750941 153.148900 55.043277 104.584400 40.969209
19.020600 9.173918 161.745400 50.635426 95.008700 37.943279
18.312700 12.578280 160.199800 64.477378 94.654900 38.681267
17.042300 8.376163 146.469800 54.958683 108.823800 38.191273
17.741500 5.922422 77.468800 54.934468 115.981500 32.334433
16.917300 8.175357 115.617800 53.075566 119.075000 29.981831
17.146000 6.077622 130.289600 44.471556 110.728600 35.020356
19.442400 19.359491 148.901500 64.302367 101.538400 40.031232
18.967100 16.433345 144.447100 57.872430 106.089300 38.934863
17.870900 5.028900 128.837000 44.738407 114.383800 32.483988
18.596400 15.093850 144.064800 59.762287 100.179600 39.452992
23.131800 21.260321 131.403700 55.962047 112.406100 40.434445
17.106400 4.805172 159.988300 35.833883 112.606800 36.020691
20.260100 20.826254 143.501900 71.175173 105.693700 39.064363
16.468600 4.213955 137.603500 46.619922 119.245700 30.767118
17.202100 10.310405 154.665700 47.520380 109.107600 37.677163
17.424000 15.532779 173.832500 62.131508 102.192200 40.068916
17.572900 12.474137 172.125400 55.298127 111.654000 41.140013
17.342900 6.273972 151.278300 45.303819 115.018600 32.354524
17.639900 13.606059 171.010500 57.217382 99.596800 39.317015
18.418300 5.497156 153.849600 52.915483 118.002300 37.690594
16.639400 5.079111 183.847100 32.389139 114.916600 35.423583
18.398000 17.608850 164.044500 71.637117 106.366400 38.934434
16.633600 4.957878 96.647700 47.964570 114.925800 30.379090
16.256500 6.283352 138.930900 52.032195 123.377200 29.221607
16.452100 5.415137 156.571100 44.449098 113.315300 34.475801
20.207200 25.881323 158.807500 65.428104 97.670100 43.744845
17.942700 13.267962 159.948200 56.281287 108.036700 39.080043
18.358000 12.302335 152.148200 49.216656 117.567000 38.354347
17.627200 13.488818 162.283400 55.004292 102.599200 40.065159
25.234500 26.447626 154.468200 55.108546 115.260000 42.260428
17.096500 4.991572 183.619700 35.297126 119.027000 38.520764
18.685300 17.394541 157.101700 70.048804 111.159900 39.041293
22.068600 5.503080 128.573500 56.088901 134.604900 28.479916
23.743800 10.471923 144.969700 62.592939 116.470500 42.692776
25.150800 19.295866 116.830300 58.047804 116.769800 41.594267
22.814200 6.032800 111.707000 61.740853 131.635100 33.762683
